x<-1+1
Y<-2+2